46.31808424216506
51.236838126431806
54.88993007003677
50.92326203682627
51.570411776089045
52.90518695257067
51.64507668839908
46.31342788226205
46.71365931340336
45.98030654501326
43.21919638291541
52.31096043774428
51.02446164691268
46.489997628125295
51.03746045715572
48.6590609282713
51.57436082667639
49.988305080473715
50.312280277905145
44.337148880835166
54.2591458091092
55.496661487397546
51.519899734972455
49.23487042377178
51.564407125650675
52.61758087801507
57.24263266074331
48.71675697650031
49.14491608085599
53.08792549838255
51.51669220367937
53.42481335577451
53.25685727333433
50.434748434970665
58.15885827541592
53.44142137209439
53.40098700961513
47.1634406910205
49.82086882158546
52.75713470103875
58.971953121537354
50.92796356821969
52.720265592787385
55.01359597869589
52.65970664752343
47.52344553961635
48.9686076287668
40.9071988192953
50.28586650444462
51.415842598901364
51.259757486743766
58.00513120370566
49.05851195569042
57.761741439823126
52.839252463723774
52.454595237442646
50.88004674876303
47.416518066236044
48.0313662184208
55.15693866431042
60.0086464319934
54.81212431620507
54.166311075546865
53.683455340289086
55.876721580947525
46.815652377510844
52.39951105063093
47.87838869902416
54.456432748122054
49.51991081071456
51.410319719714074
45.52898165706776
52.49755006132268
50.76531217898558
47.17208247082169
49.48055355354287
50.69564844688314
47.296745837330434
50.47382884938765
49.10352965910793
48.24518190949717
49.50810390471577
49.76560062618942
50.95623835346774
53.417610011262646
48.064551209666256
46.51791358371841
50.87980319169136
50.03707055067752
48.718195559830704
57.775890561199105
47.2356155561197
51.63655117272501
54.38329540506894
52.04410757185012
50.857594121754005
54.04457214218055
51.47707519769089
56.33634581978113
53.437330349186205
