62.44828336587054
80.65113279931555
69.9722940675345
68.53225080553028
57.0294878232376
73.20535363353457
61.28944142364936
65.00131501854243
64.88264771774027
82.02116714656384
66.3571063896097
59.84874057045916
73.63935959468218
67.48145899246143
62.866348931891615
76.27697899707293
81.57104777287103
74.13423512378542
69.50472789068053
68.41307948568408
74.80295781005246
70.66704841778808
71.06061828905872
68.66319351447359
70.59561496076131
68.1775939948576
74.03542951804148
62.872884325970624
81.54826234746436
72.23388477420413
55.482402004221136
58.28516732806837
68.82447149690014
59.78619886022407
69.94243919413006
76.7553958257646
72.43738847398672
61.74904043007812
59.68465563588536
82.13793566078229
78.61838233403398
63.426457511176
82.0675042751962
56.23528314384542
66.407202514847
68.96572500861095
74.17465802512714
56.22032408282
74.22971449190885
62.40851378374274
60.74375028436913
80.53789420298625
57.69014973817532
57.40553637626444
64.86951715214035
78.66826097977722
78.66362697268588
63.045755236008894
64.22400954770663
57.66524797959647
66.24405064177216
63.62304963661825
77.59652400246017
71.08924807714354
62.756204670604006
80.47763673416566
60.42832872642881
82.09832643834585
81.80197474000374
66.50025740504921
56.401802749522105
63.51898162822634
65.13308477876302
71.5571906792593
76.16847351239012
82.21851836097107
61.4760476846377
67.60745862595809
70.39041439801791
75.74550581863154
61.22792977546163
59.27654181820763
75.70824480481745
79.87624006578419
60.81283095588034
72.39264869783045
66.36721208227304
76.75905740524395
79.95328331274894
61.74149893916427
73.2316844612383
82.11849181686568
80.01686472266238
76.6480812211682
76.70991206771542
64.74394570801968
59.2736544865048
58.00255264011445
66.01054184060462
56.75390986187624
